1786094192480231936.000000 0.000000000 0.000000000 0.000000000 -0.000000000 -0.000000000 -0.000000000 1.000000000
1786094193046362112.000000 -0.008824244 0.000120606 -0.000838201 0.011643611 0.039049182 0.062805250 0.997193635
1786094193112965632.000000 -0.009122390 -0.000052528 -0.000721796 0.011177870 0.037169456 0.063820273 0.997206330
1786094194944566528.000000 -0.037521668 -0.025861237 0.004838587 -0.055998396 0.093944013 0.042170878 0.993106425
1786094195210983680.000000 -0.043136124 -0.031964876 0.009429245 -0.068585940 0.061264563 0.044585634 0.994763672
1786094197841845504.000000 -0.053257003 -0.028697504 0.015783308 -0.036929652 0.128924116 0.072820835 0.988287389
1786094198541215488.000000 -0.057039950 -0.027698329 0.017206993 -0.039507773 0.141129017 0.073176615 0.986492217
1786094198807643392.000000 -0.072714880 -0.029375881 0.025420582 -0.040658329 0.210346103 0.077619918 0.973692238
1786094198874249728.000000 -0.075773850 -0.029660163 0.026730558 -0.035946805 0.225874946 0.083777651 0.969881296
1786094199140676608.000000 -0.091491506 -0.026882602 0.034714352 -0.036123969 0.284290522 0.061098035 0.956107199
1786094199340495104.000000 -0.102651723 -0.023974901 0.042791843 -0.030132515 0.328741252 0.046918027 0.942772508
1786094199906628864.000000 -0.119054765 -0.023381220 0.060062833 -0.042176746 0.386014044 0.003878994 0.921520054
1786094200306248448.000000 -0.122531340 -0.023591744 0.063643888 -0.033997472 0.376402199 0.020499149 0.925605416
1786094200872405760.000000 -0.131628767 -0.021194393 0.070775419 0.013305537 0.416350543 0.056837130 0.907328367
1786094201671674112.000000 -0.155062944 -0.022003140 0.084730238 -0.041145433 0.481471449 0.004203911 0.875485420
1786094202071299328.000000 -0.164698303 -0.024742451 0.101840518 -0.092531808 0.545231104 0.006175713 0.833140373
1786094202337713920.000000 -0.175823450 -0.023257695 0.118738495 -0.093173742 0.598527849 -0.002258910 0.795662045
1786094202604144640.000000 -0.184496403 -0.022328276 0.128643647 -0.087805115 0.614441991 -0.024127061 0.783689499
1786094202737360128.000000 -0.187492967 -0.021109188 0.131499767 -0.108536586 0.621457458 -0.029366380 0.775337458
1786094202870574336.000000 -0.189142063 -0.016877664 0.133142203 -0.095419921 0.631849051 -0.023766225 0.768828332
1786094203003789312.000000 -0.192996159 -0.013209220 0.140123531 -0.101016924 0.647648335 -0.046935841 0.753753424
1786094203137004032.000000 -0.192921266 -0.013461746 0.147748142 -0.130827054 0.665580750 -0.050548427 0.733028948
1786094203270218752.000000 -0.192772791 -0.012693048 0.155233994 -0.120919354 0.683010638 -0.017854992 0.720108569
1786094203403429632.000000 -0.196394935 -0.008877393 0.166426092 -0.102452472 0.705155373 -0.020266948 0.701319218
1786094203536637952.000000 -0.199885964 -0.004345516 0.177601457 -0.087842606 0.726346552 -0.031819444 0.680949271
1786094203669846016.000000 -0.201213881 -0.000450365 0.187262788 -0.081178017 0.741370857 -0.044994272 0.664646447
1786094203936259328.000000 -0.201904520 0.008968223 0.205110788 -0.078598067 0.770395339 -0.070287131 0.628786981
1786094204202670080.000000 -0.199643806 0.016777936 0.216627747 -0.086914755 0.793686032 -0.085615382 0.595968425
1786094204469165824.000000 -0.194183469 0.021811623 0.220863670 -0.078892879 0.806050122 -0.095969446 0.578661382
1786094204769082368.000000 -0.192398742 0.024940953 0.224666864 -0.069562048 0.811108112 -0.103385068 0.571468472
1786094204902384896.000000 -0.192819566 0.024977509 0.223971963 -0.069530733 0.809476078 -0.105291590 0.573435068
1786094205335642112.000000 -0.193916291 0.024330113 0.221676826 -0.071080588 0.803791106 -0.107948266 0.580701828
1786094205502177024.000000 -0.194089770 0.023945559 0.220332667 -0.072592460 0.800442219 -0.109807730 0.584777653
1786094205801938944.000000 -0.194645241 0.022905231 0.216539055 -0.073447227 0.793541908 -0.110862732 0.593806505
1786094206168314624.000000 -0.197044179 0.017373305 0.194235355 -0.056857456 0.749571323 -0.085636303 0.653893352
1786094206767851264.000000 -0.196339265 0.007473852 0.172756761 -0.078843080 0.702759862 -0.086938098 0.701679528
1786094207267471616.000000 -0.194686592 0.007168677 0.171275720 -0.085331105 0.693642914 -0.096706077 0.708679080
1786094207434004480.000000 -0.192883745 0.004084159 0.163345754 -0.096702337 0.671951115 -0.101890460 0.727151096
1786094208366547968.000000 -0.161817372 -0.015303018 0.091624826 -0.101877391 0.472064555 -0.058371615 0.873709857
1786094209332403200.000000 -0.088112220 -0.022851130 0.035568777 -0.054461174 0.223266676 -0.008303002 0.973199368
1786094209565820928.000000 -0.079569131 -0.021259680 0.028963311 -0.066399395 0.213126302 0.013812315 0.974667966
1786094209799461376.000000 -0.074876592 -0.018601771 0.022880536 -0.051615931 0.166595802 -0.036183551 0.984008312
1786094210866637568.000000 -0.051780414 -0.012352130 0.014794736 0.001450060 0.103395209 0.062059294 0.992701352
1786094214029998592.000000 0.134026974 0.019143235 0.024622833 -0.023487233 -0.432913333 0.221603259 0.873456597
1786094215295384832.000000 0.154324323 0.034418352 0.043280784 -0.026478924 -0.515868843 0.258013308 0.816460252
1786094215694973952.000000 0.157424539 0.037491135 0.045824789 -0.023297623 -0.525236309 0.264336646 0.808523476
1786094215828167168.000000 0.156792402 0.037474137 0.045681521 -0.021271618 -0.524561942 0.260995120 0.810101211
1786094216094549760.000000 0.147256747 0.033354990 0.038334314 -0.018053195 -0.493668884 0.258893549 0.830023646
1786094216360929024.000000 0.131502017 0.022353638 0.027068282 -0.025049940 -0.445008755 0.246152967 0.860667467
1786094216494123264.000000 0.122375697 0.014832572 0.021529874 -0.033372547 -0.416074932 0.240816474 0.876227915
1786094219091429376.000000 0.021378390 -0.018826958 -0.003045702 -0.056276776 -0.149910212 0.118653692 0.979939342
1786094219357810176.000000 0.027118677 -0.016659340 -0.003646186 -0.052609649 -0.164789379 0.122014798 0.977337778
1786094219823988992.000000 0.037308116 -0.012532745 -0.004606245 -0.043990407 -0.191373765 0.130288556 0.971836329
1786094220489947392.000000 0.050983891 -0.006052020 -0.004356382 -0.031952273 -0.227830827 0.135494992 0.963697731
1786094220689740800.000000 0.054786075 -0.004313880 -0.004113875 -0.030172229 -0.237796262 0.135123700 0.961396992
1786094221522209280.000000 0.070074767 -0.000303098 -0.000969081 -0.028981362 -0.278684944 0.127149552 0.951487184
1786094222121674496.000000 0.075563453 0.000790786 0.000896150 -0.030034330 -0.293706715 0.121409290 0.947678268
1786094222321493760.000000 0.077709958 0.001965524 0.001376200 -0.028152596 -0.299546480 0.113217831 0.946921885
1786094222488002304.000000 0.080164768 0.002733896 0.002413599 -0.026859602 -0.305654764 0.110178389 0.945364773
1786094223087387904.000000 0.088321537 0.006076550 0.005324084 -0.022620877 -0.326819003 0.116751440 0.937574923
1786094223686763008.000000 0.096922040 0.008049264 0.008124376 -0.022477334 -0.347036719 0.123324029 0.929436147
1786094223886553344.000000 0.100092858 0.009684360 0.009371058 -0.020445535 -0.355025917 0.126569033 0.926023126
1786094224319424512.000000 0.109092250 0.011605363 0.013731670 -0.023231866 -0.376759946 0.135441631 0.916061044
1786094225118573824.000000 0.124881901 0.020434882 0.022122346 -0.012390766 -0.420559347 0.145693153 0.895404875
1786094225285060096.000000 0.127442077 0.020786036 0.024273239 -0.013705415 -0.427611858 0.148028702 0.891654491
1786094225951652864.000000 0.138517022 0.026805785 0.032348096 -0.010159036 -0.458243549 0.165083453 0.873302460
1786094226151723008.000000 0.141163304 0.027570251 0.034302503 -0.012524050 -0.464750767 0.170441613 0.868792057
1786094226718307840.000000 0.146362334 0.031820931 0.037421856 -0.004562928 -0.481166512 0.177370399 0.858485699
1786094227117982208.000000 0.149397016 0.033873327 0.040539801 -0.002479471 -0.491974592 0.181081697 0.851565778
1786094227284513024.000000 0.150511235 0.034330074 0.040740125 -0.003789937 -0.494533122 0.183133245 0.849638045
1786094227484350464.000000 0.150946021 0.035096139 0.041107032 -0.001127378 -0.496153623 0.183926016 0.848529041
1786094227651160064.000000 0.149893478 0.034791946 0.039869510 -0.000924427 -0.492557913 0.182501107 0.850928426
1786094227851426816.000000 0.143556148 0.032904506 0.034748252 0.002225858 -0.475523382 0.173252076 0.862471044
1786094228418935296.000000 0.108387522 0.010636652 0.015570348 -0.028942466 -0.373636574 0.156367600 0.913842022
1786094228652295680.000000 0.092466466 0.001140966 0.009571686 -0.043569952 -0.330650002 0.142429098 0.931926072
1786094229284973824.000000 0.046338361 -0.014506565 0.000078646 -0.063125804 -0.212801531 0.106185518 0.969255030
1786094229518059520.000000 0.030729856 -0.018901393 -0.001971918 -0.068054847 -0.165771380 0.098993100 0.978820086
1786094230716788480.000000 -0.035531282 -0.023974994 0.004704789 -0.070274092 0.036604878 0.052971262 0.995447457
1786094231049781248.000000 -0.055266496 -0.025636666 0.012545012 -0.073461153 0.093168028 0.043711443 0.991974056
1786094232082035968.000000 -0.090344749 -0.022344865 0.037433032 -0.057170838 0.243596211 0.020288434 0.967977703
1786094232415012864.000000 -0.092601202 -0.021496946 0.038396068 -0.049071167 0.268824667 0.046811666 0.960798621
1786094233214178560.000000 -0.107777573 -0.022328939 0.044461347 -0.046140689 0.302102745 0.022944557 0.951881588
1786094234279720448.000000 -0.134935379 -0.024153663 0.062436491 -0.045568615 0.394560575 -0.001725103 0.917737722
1786094234579399936.000000 -0.152385294 -0.022602493 0.080218658 -0.060191862 0.453463823 -0.028425053 0.888785422
1786094234879087360.000000 -0.159156352 -0.023583401 0.091172554 -0.061610516 0.478726000 -0.023244986 0.875491440
1786094235212067840.000000 -0.167990088 -0.022993498 0.105506286 -0.077939712 0.513420880 -0.034436546 0.853896081
1786094235545043456.000000 -0.178773403 -0.019969549 0.123046920 -0.093672559 0.555063009 -0.053723510 0.824769258
1786094236111113728.000000 -0.193829998 -0.011330422 0.158546194 -0.119159639 0.625253379 -0.106209226 0.763923287
1786094236410790656.000000 -0.198102862 -0.005894076 0.169973925 -0.119750477 0.660295427 -0.112909257 0.732749104
1786094237409734400.000000 -0.200973213 0.009330213 0.203731045 -0.126303002 0.739594340 -0.144031480 0.645215213
1786094237909242880.000000 -0.199582189 0.010996707 0.213380545 -0.127181843 0.762421012 -0.135137826 0.619900644
1786094239174644480.000000 -0.196164593 0.018979289 0.222336143 -0.119715646 0.783776164 -0.150108516 0.590618730
1786094239707426560.000000 -0.196969584 0.018872350 0.221055299 -0.120661072 0.779353559 -0.151958048 0.595783234
1786094239940520448.000000 -0.196874455 0.018400513 0.220416516 -0.121207997 0.777873993 -0.151413023 0.597741425
1786094240240208128.000000 -0.196764827 0.018112972 0.220454931 -0.120948851 0.777932703 -0.150142610 0.598037779
1786094240872887296.000000 -0.199882492 0.015132397 0.210350007 -0.126770779 0.756919861 -0.148183540 0.623733222
1786094241139278336.000000 -0.200116232 0.010275610 0.196164399 -0.129747942 0.731992722 -0.139124185 0.654214501
1786094241438963712.000000 -0.198745191 0.002217170 0.173223376 -0.117169544 0.689673603 -0.115620598 0.705162108
1786094241971762432.000000 -0.187086120 -0.008948430 0.131778419 -0.086537525 0.609053254 -0.069466628 0.785327911
1786094242271458560.000000 -0.181414366 -0.013753384 0.121368632 -0.082660817 0.577773690 -0.064260796 0.809453785
1786094242604456192.000000 -0.171653777 -0.017803419 0.107889012 -0.089243159 0.538807809 -0.069024518 0.834839761
1786094242937463552.000000 -0.153655380 -0.022236232 0.085706286 -0.082466297 0.465707183 -0.045901347 0.879891634
1786094243303764736.000000 -0.128657416 -0.024807837 0.066763408 -0.065853268 0.376119107 -0.019222610 0.924028337
1786094243703552512.000000 -0.109094694 -0.025579726 0.053346030 -0.055784393 0.307760209 0.000373180 0.949827194
1786094244470465024.000000 -0.084753685 -0.026544785 0.033486050 -0.048338056 0.220058918 0.007783568 0.974257112
1786094245569682944.000000 -0.033413038 -0.014350681 0.011934316 -0.014119667 0.045565210 0.009439244 0.998816967
1786094246103684096.000000 -0.019516429 -0.002540808 0.003163247 0.008326323 -0.016391132 0.026000172 0.999492884
1786094246370761984.000000 -0.019857822 0.001122242 0.002450909 0.020535765 -0.014488296 0.049544781 0.998455644
1786094246671077120.000000 -0.021783128 0.004507700 0.002880769 0.035686478 -0.010976975 0.078108020 0.996245503
1786094246970764544.000000 -0.018053610 0.005600010 0.000863406 0.023619944 -0.027919294 0.118712313 0.992255032
1786094247170553344.000000 -0.016835602 0.005613854 -0.002598942 -0.005502505 -0.031252004 0.126060471 0.991514921
1786094247470232576.000000 -0.015029214 0.004985166 -0.003740923 -0.010343483 -0.036455069 0.124263130 0.991525471
1786094247703319296.000000 -0.014178637 0.004354152 -0.003614940 -0.011703729 -0.034713127 0.122981548 0.991732597
1786094253463934208.000000 -0.004170873 0.012097233 -0.001373301 -0.002221609 -0.049377739 0.122206077 0.991273224
1786094345521858048.000000 -0.000242720 0.011410316 -0.000098016 -0.004049854 -0.054892316 0.122761093 0.990908742
1786094362175032320.000000 0.001644447 0.011159476 0.000088557 -0.004550825 -0.057111487 0.122605056 0.990800440
1786094363507273472.000000 0.002978430 0.011340468 0.000039168 -0.004649132 -0.058775540 0.122960649 0.990658641
1786094363740417280.000000 0.004741769 0.011426661 -0.001482286 -0.004511738 -0.061312117 0.123202831 0.990475416
1786094363940255488.000000 0.007569939 0.009677812 0.000525341 -0.007253636 -0.064351097 0.121966749 0.990419328
1786094364140093440.000000 0.006709439 0.010302003 0.000561070 -0.006427770 -0.063405275 0.122282587 0.990447104
1786094364939453952.000000 -0.003978315 -0.016383838 0.004505023 -0.013267651 -0.002638139 0.113757402 0.993416488
1786094365772138240.000000 -0.010894575 -0.059203394 0.008791557 -0.161645666 0.001674872 0.083156727 0.983337641
1786094366038583040.000000 -0.008194448 -0.071849525 0.014171734 -0.229269460 -0.009872911 0.094972216 0.968668342
1786094366238416640.000000 -0.005098877 -0.078917757 0.018031316 -0.261894166 -0.016384887 0.104701824 0.959260404
1786094366738001408.000000 -0.006013407 -0.087219819 0.030899312 -0.332885206 -0.013778162 0.100481965 0.937497199
1786094367037758208.000000 -0.007453075 -0.098369129 0.041013420 -0.383967370 -0.017809073 0.092316508 0.918547571
1786094367304207360.000000 -0.006415868 -0.109604910 0.051211476 -0.417137295 -0.014733197 0.101287507 0.903061628
1786094367470738176.000000 -0.005185571 -0.114322349 0.057033155 -0.435673237 -0.014633647 0.101560496 0.894237220
1786094367770493440.000000 -0.001330137 -0.118155487 0.061098091 -0.447058141 -0.018705389 0.112525284 0.887201905
1786094367903717888.000000 0.001483336 -0.122429132 0.064704478 -0.458634019 -0.020955903 0.119223461 0.880341649
1786094368370002688.000000 0.014240324 -0.133775830 0.087263405 -0.517415822 -0.037503954 0.142242253 0.842995524
1786094368536532224.000000 0.014923165 -0.135414034 0.090741478 -0.526710212 -0.038100936 0.145478964 0.836636424
1786094368669756416.000000 0.015455363 -0.136888176 0.094605103 -0.538243771 -0.041842412 0.143549308 0.829419434
1786094368802985728.000000 0.017524272 -0.137894228 0.100414902 -0.554554999 -0.044448458 0.150145531 0.817281783
1786094368902908160.000000 0.018248297 -0.138191730 0.103300571 -0.563251853 -0.045303613 0.152592629 0.810808420
1786094369036138240.000000 0.017501546 -0.139440656 0.103154480 -0.563779414 -0.046109613 0.149325639 0.811004639
1786094369735593728.000000 0.014088823 -0.135933250 0.086542651 -0.511842370 -0.032281343 0.145224899 0.846099913
1786094370002042368.000000 0.015895991 -0.132471651 0.076910935 -0.478095442 -0.034829039 0.153239086 0.864135087
1786094370168571648.000000 0.014660412 -0.127498254 0.067540720 -0.449011713 -0.037892062 0.149942398 0.880039752
1786094370768082432.000000 0.010292795 -0.102359146 0.034850501 -0.317947328 -0.016319832 0.163154081 0.933822215
1786094370967924480.000000 0.011957871 -0.095082670 0.029117245 -0.292447984 -0.022090172 0.167151079 0.941300571
1786094371167767040.000000 0.011690945 -0.088009946 0.024022317 -0.273152977 -0.035204411 0.153823122 0.948939681
1786094371467531264.000000 0.014967648 -0.095918424 0.028628744 -0.302085698 -0.047691725 0.154859796 0.939408422
1786094371800599040.000000 0.021082917 -0.119230472 0.059605617 -0.413239688 -0.052867711 0.160280898 0.894845307
1786094371967128576.000000 0.021602092 -0.121948130 0.064277619 -0.430230618 -0.050478108 0.161823973 0.886660337
1786094372233576448.000000 0.014871448 -0.120721832 0.056542620 -0.403773606 -0.025647014 0.158765703 0.900612295
1786094372433411840.000000 -0.001944048 -0.124149740 0.055394210 -0.396859318 0.030048974 0.151860207 0.904731035
1786094372633247488.000000 -0.022715820 -0.125419080 0.061214857 -0.399255723 0.088041186 0.135497108 0.902487814
1786094372799775488.000000 -0.035855621 -0.127520859 0.068595156 -0.408000082 0.127571851 0.124067470 0.895471156
1786094372999609600.000000 -0.048913673 -0.126502141 0.077128343 -0.415268928 0.166622370 0.109803505 0.887542605
1786094373199443456.000000 -0.060216073 -0.121234223 0.080148116 -0.404772788 0.197989911 0.095802657 0.887570202
1786094373399277056.000000 -0.072854057 -0.112886384 0.084863879 -0.390155405 0.237811089 0.079700775 0.885930240
1786094373565805312.000000 -0.083303608 -0.103548154 0.092622980 -0.374591976 0.282621473 0.062116217 0.880878866
1786094373765641216.000000 -0.089533187 -0.089862317 0.098759994 -0.356951565 0.325222552 0.044457201 0.874550998
1786094374098711552.000000 -0.094636127 -0.078194037 0.106020316 -0.310672253 0.385903001 0.043341968 0.867573142
1786094374265246464.000000 -0.096942142 -0.076285444 0.107539102 -0.290785581 0.405655950 0.070925295 0.863629878
1786094374465088768.000000 -0.098835647 -0.074322522 0.108627722 -0.265396297 0.413616985 0.084926471 0.866760254
1786094374664931584.000000 -0.102074288 -0.071734235 0.109119006 -0.270791709 0.408915222 0.068722859 0.868756235
1786094374864766208.000000 -0.105641820 -0.069229744 0.112423345 -0.272233963 0.444657296 0.054786529 0.851567388
1786094375097904640.000000 -0.109332383 -0.065306902 0.114696726 -0.283764660 0.466287285 0.010393512 0.837822020
1786094375530874880.000000 -0.110289566 -0.063383728 0.121747419 -0.250265390 0.553605914 0.026284833 0.793849468
1786094375697401088.000000 -0.116638832 -0.061634555 0.125926450 -0.250807196 0.563499570 0.016173545 0.786957681
1786094375863942912.000000 -0.122767583 -0.063335359 0.132523283 -0.262822926 0.575247824 0.001597553 0.774604082
1786094376097102848.000000 -0.127338260 -0.061735272 0.142802477 -0.266187698 0.610673785 0.021661952 0.745488107
1786094376197028864.000000 -0.129079148 -0.059372745 0.146142945 -0.262739390 0.624973714 0.024335233 0.734699726
1786094376330263552.000000 -0.132974401 -0.056487139 0.150379986 -0.255806804 0.638700485 0.016713696 0.725496531
1786094376463498752.000000 -0.137529790 -0.053391650 0.155133352 -0.247584835 0.651297390 0.001308245 0.717294753
1786094376829886976.000000 -0.146320224 -0.045987885 0.168479487 -0.236635447 0.688225329 -0.016309910 0.685626388
1786094377129646848.000000 -0.152532190 -0.037729934 0.177071214 -0.226838887 0.704802573 -0.038402326 0.671060979
1786094377296179712.000000 -0.155041128 -0.033357151 0.180759117 -0.223194823 0.713865757 -0.051551126 0.661756933
1786094377462713600.000000 -0.156221390 -0.030486003 0.183664471 -0.214766666 0.722381890 -0.061390288 0.654424191
1786094377629246720.000000 -0.156239659 -0.027869098 0.186594725 -0.211760625 0.735103846 -0.061547749 0.641086340
1786094378028918272.000000 -0.156798244 -0.025637813 0.191780537 -0.203449056 0.746280193 -0.064648509 0.630472004
1786094378262059520.000000 -0.156700656 -0.026834816 0.191834599 -0.197451115 0.748898864 -0.058455076 0.629878223
1786094378495200000.000000 -0.157177612 -0.027404651 0.191876441 -0.199461550 0.749940574 -0.058079094 0.628037453
1786094378828261120.000000 -0.156872928 -0.028825052 0.187262833 -0.203299329 0.738464415 -0.052822683 0.640741348
1786094379194632704.000000 -0.153593615 -0.035920650 0.174906403 -0.231268540 0.697669744 -0.053165566 0.675977230
1786094379394472448.000000 -0.150072694 -0.041393183 0.166505232 -0.248103499 0.667798638 -0.045417201 0.700304866
1786094379594311936.000000 -0.145816460 -0.045033790 0.158736393 -0.255286664 0.643442988 -0.037260734 0.720709026
1786094379794149120.000000 -0.144222572 -0.046939522 0.152611241 -0.253149152 0.628452122 -0.034987926 0.734669507
1786094380027290112.000000 -0.141682178 -0.049773291 0.147136271 -0.258138865 0.609287322 -0.033998817 0.748984218
1786094380227124480.000000 -0.138546452 -0.052016724 0.141476586 -0.257751018 0.591545880 -0.025767559 0.763527334
1786094380460264960.000000 -0.134734273 -0.054844584 0.134510189 -0.259023726 0.567159712 -0.016572233 0.781640530
1786094380660099584.000000 -0.129702970 -0.057790428 0.127748311 -0.266584218 0.535353541 -0.017375654 0.801266193
1786094380893242624.000000 -0.123398617 -0.060089473 0.120972112 -0.269437045 0.508494556 -0.007308924 0.817791879
1786094381093080832.000000 -0.119145811 -0.060917214 0.115545377 -0.272654474 0.483725965 -0.008319636 0.831624627
1786094381326225664.000000 -0.111175053 -0.060919698 0.108233795 -0.270327359 0.446842641 -0.001900746 0.852790296
1786094381559371008.000000 -0.106059141 -0.062381223 0.101397872 -0.268388391 0.413574308 0.003018863 0.870008528
1786094381792512768.000000 -0.100367226 -0.063440695 0.095670201 -0.266662329 0.383910090 0.005438732 0.884010553
1786094381992345856.000000 -0.094545171 -0.065685794 0.089592904 -0.272041470 0.348293006 0.004092439 0.897033274
1786094382292094208.000000 -0.084447816 -0.068006709 0.081299178 -0.279274404 0.293179393 0.009048389 0.914313853
1786094382525230592.000000 -0.078830913 -0.068852812 0.077989399 -0.281142950 0.266169190 0.006585031 0.921992004
1786094382758370048.000000 -0.071793325 -0.069568552 0.072874852 -0.280507475 0.229980335 0.003893638 0.931884885
1786094382958206720.000000 -0.063284934 -0.069814250 0.067966886 -0.277132213 0.198508158 0.009831908 0.940050840
1786094383158043136.000000 -0.053408232 -0.069814317 0.063094340 -0.276462078 0.164285824 0.024397340 0.946564138
1786094383324574464.000000 -0.044808120 -0.069767728 0.060136482 -0.275802970 0.134071946 0.033398475 0.951231837
1786094383491104512.000000 -0.036777750 -0.069208771 0.057997409 -0.272455156 0.105436213 0.039078385 0.955575347
1786094383690940928.000000 -0.028083857 -0.067996457 0.056020141 -0.268071949 0.073683478 0.044129137 0.959562838
1786094383890773760.000000 -0.021123581 -0.065825783 0.053897962 -0.259025186 0.049443934 0.056978438 0.962919891
1786094384090606336.000000 -0.016033655 -0.063411675 0.051286824 -0.243457928 0.023777280 0.057688743 0.967902303
1786094384290438400.000000 -0.010936514 -0.063231945 0.050484460 -0.240410358 -0.000412463 0.057320267 0.968977392
1786094384523576320.000000 0.000076446 -0.060906336 0.050524276 -0.231562287 -0.038926143 0.100129262 0.966870129
1786094384790022144.000000 0.009657565 -0.058835525 0.053970523 -0.233902380 -0.070257127 0.153184220 0.957542837
1786094385089782528.000000 0.012283470 -0.057378456 0.053857949 -0.229506060 -0.083451651 0.146950424 0.958524108
1786094385489464320.000000 0.019005300 -0.060936358 0.053413913 -0.239472345 -0.149859533 0.171976402 0.943726242
1786094385689305600.000000 0.024391944 -0.060300723 0.052162092 -0.233690873 -0.165849820 0.162409633 0.944195747
1786094385922451200.000000 0.032235067 -0.059051521 0.050718844 -0.236063585 -0.209666312 0.150912493 0.936770737
1786094386088985344.000000 0.037329927 -0.059069224 0.051956329 -0.241371274 -0.232448891 0.143161967 0.931242228
1786094386322131200.000000 0.047486648 -0.060141020 0.054874483 -0.250667661 -0.262024075 0.159688205 0.918155074
1786094386688505088.000000 0.061629161 -0.058146358 0.053963773 -0.243553475 -0.321628690 0.127740517 0.906045854
1786094386821732352.000000 0.069157816 -0.057551373 0.054169189 -0.242815942 -0.348350585 0.124712422 0.896738052
1786094386954958080.000000 0.078114077 -0.056434318 0.055914536 -0.238286898 -0.373718500 0.132638574 0.886544347
1786094387054878208.000000 0.084040761 -0.055301256 0.057360623 -0.234200805 -0.390631765 0.137576863 0.879562140
1786094387188105472.000000 0.089665100 -0.053866822 0.059627391 -0.230459541 -0.411302805 0.139176160 0.870832026
1786094387288025600.000000 0.093373433 -0.053209715 0.060397588 -0.227617502 -0.419747025 0.143385276 0.866858363
1786094387421252608.000000 0.098854721 -0.051702246 0.060813949 -0.222942591 -0.433574378 0.148780912 0.860333741
1786094387687706112.000000 0.110158324 -0.047877967 0.060885355 -0.206808046 -0.462413609 0.155730769 0.848028302
1786094387887539200.000000 0.117053986 -0.045535121 0.062006809 -0.202764019 -0.476791054 0.164166808 0.839408338
1786094387987455488.000000 0.120799072 -0.043906063 0.062855668 -0.199488148 -0.483955622 0.172089487 0.834491909
1786094388120677120.000000 0.124834888 -0.041902762 0.064256713 -0.195713520 -0.493267238 0.180968270 0.828030348
1786094388320509184.000000 0.128500313 -0.040076666 0.064128689 -0.192237109 -0.502307773 0.186655074 0.822126329
1786094388620257024.000000 0.131374702 -0.037768167 0.063561589 -0.183233291 -0.508195162 0.187350795 0.820404112
1786094388920015616.000000 0.129811585 -0.037543815 0.062019479 -0.179227978 -0.504750431 0.184746802 0.823998153
1786094389286391552.000000 0.126011521 -0.038785376 0.060371395 -0.179415226 -0.496687114 0.181328163 0.829597592
1786094389452926976.000000 0.119142532 -0.040990341 0.058159497 -0.183472186 -0.480815291 0.179923400 0.838321030
1786094389586155008.000000 0.112381786 -0.043711234 0.057624061 -0.188182846 -0.462600529 0.180684105 0.847314119
1786094389785997568.000000 0.101735055 -0.048680570 0.055514649 -0.198524624 -0.432034492 0.180153221 0.861091733
1786094389985841664.000000 0.089104116 -0.051661797 0.050943483 -0.198685929 -0.396149486 0.169496045 0.880261719
1786094390152378624.000000 0.078502789 -0.052956138 0.047079336 -0.196810201 -0.364956737 0.165561929 0.894796968
1786094390385530624.000000 0.064294793 -0.056075957 0.042133763 -0.197844177 -0.321641445 0.162219718 0.911641002
1786094390618682368.000000 0.049273819 -0.060251646 0.037293654 -0.200539395 -0.277026325 0.154231653 0.926959038
1786094390918439168.000000 0.033761434 -0.066420607 0.036110714 -0.205899090 -0.232629403 0.143175438 0.939675450
1786094391184884992.000000 0.019698910 -0.072405808 0.034788974 -0.216019586 -0.192683056 0.134042278 0.947755992
1786094391484636672.000000 0.003538738 -0.078050062 0.036541063 -0.232304871 -0.145417690 0.121946603 0.953948200
1786094391784392704.000000 -0.013662076 -0.080121003 0.041218348 -0.242063090 -0.093646862 0.104171000 0.960095882
1786094392050850560.000000 -0.029708371 -0.079629302 0.047276147 -0.242885962 -0.037050024 0.097375236 0.964443743
1786094392317310208.000000 -0.044517510 -0.077733308 0.052701611 -0.248083636 0.012971849 0.080030151 0.965340078
1786094392583769600.000000 -0.062194012 -0.070712470 0.059687059 -0.241994649 0.075758323 0.052912474 0.965867281
1786094392883527936.000000 -0.081172712 -0.065865800 0.074162945 -0.263400882 0.156349212 0.025597323 0.951587975
1786094393149976832.000000 -0.091466740 -0.058126226 0.084719755 -0.212020025 0.220117316 0.003969238 0.952145040
1786094393383117824.000000 -0.096313126 -0.055536017 0.087192103 -0.236962959 0.229812622 0.001526838 0.943945110
1786094393682872832.000000 -0.098728940 -0.050969988 0.087927692 -0.199682549 0.271870822 0.002594031 0.941385388
1786094393949327104.000000 -0.104752675 -0.046976246 0.093412325 -0.207374349 0.309449226 0.007124896 0.928001285
1786094394182474752.000000 -0.121560290 -0.043048739 0.105577469 -0.195848763 0.408515394 -0.000048239 0.891492248
1786094394415621632.000000 -0.137789547 -0.037814908 0.123493262 -0.200486332 0.489018738 -0.024548959 0.848565459
1786094394648770048.000000 -0.145406127 -0.031744178 0.138785884 -0.189562082 0.550581217 -0.019044513 0.812750816
1786094394915223296.000000 -0.150842905 -0.025354873 0.155600816 -0.184041172 0.606136799 -0.033002675 0.773070335
1786094395181675776.000000 -0.155569240 -0.017603062 0.171189398 -0.169977203 0.653588355 -0.050647635 0.735774994
1786094395448127744.000000 -0.157946393 -0.008551404 0.186844960 -0.162719771 0.694622993 -0.079762295 0.696174681
1786094395647967232.000000 -0.158284903 -0.004439957 0.197106466 -0.160614118 0.719394267 -0.089615084 0.669809103
1786094395881114624.000000 -0.157430813 0.001756512 0.206429154 -0.155838877 0.741540551 -0.105713069 0.643938363
1786094396114262784.000000 -0.154827118 0.010381855 0.219472066 -0.147242486 0.771179199 -0.127457529 0.606099725
1786094396314103552.000000 -0.151434228 0.014427215 0.230267599 -0.144247666 0.795351028 -0.131124243 0.573947549
1786094396747091200.000000 -0.145241246 0.020203322 0.243695289 -0.110860921 0.837680042 -0.118485183 0.521501064
1786094397213369344.000000 -0.139743090 0.025078475 0.251137227 -0.105980836 0.848775089 -0.128851473 0.501743197
1786094397413202688.000000 -0.139137447 0.026606020 0.251675308 -0.099972114 0.850502551 -0.133316323 0.498876601
1786094397646341632.000000 -0.138650179 0.027137972 0.252289087 -0.096351981 0.851972222 -0.131104991 0.497665644
1786094398046014720.000000 -0.134532258 0.030814707 0.256120473 -0.094499372 0.857003391 -0.134356439 0.488429666
1786094398478995200.000000 -0.135536030 0.033598524 0.256285608 -0.031915396 0.879334569 -0.124218524 0.458608627
1786094400377437440.000000 -0.133495614 0.036298189 0.255499125 -0.030288110 0.899952471 -0.150561541 0.408043414
1786094400777098752.000000 -0.132294863 0.036364086 0.255637169 -0.093061447 0.897048712 -0.183854580 0.390948534
1786094400910320640.000000 -0.132504523 0.036464319 0.255880713 -0.097638026 0.892119110 -0.190419897 0.397907704
1786094401076847616.000000 -0.132776305 0.036456257 0.255895823 -0.096297227 0.890912473 -0.191032037 0.400635272
1786094401609732864.000000 -0.133761033 0.036949933 0.255535245 -0.091317147 0.888598025 -0.188308254 0.408160180
1786094401842874624.000000 -0.134884179 0.037074201 0.254266530 -0.088318735 0.884949446 -0.189824179 0.415970027
1786094402042712576.000000 -0.140336409 0.038529508 0.256736100 -0.086455502 0.879338026 -0.182880417 0.431097358
1786094402342469632.000000 -0.149793655 0.029130779 0.234417647 -0.102374278 0.838294744 -0.181685090 0.503757894
1786094402575614720.000000 -0.156683713 0.021926053 0.218663916 -0.115020886 0.803319693 -0.174559757 0.557652712
1786094402842063104.000000 -0.160833135 0.014143348 0.198294520 -0.129613176 0.754804313 -0.170594901 0.619974315
1786094403141815040.000000 -0.158728868 0.002088413 0.168885335 -0.135838479 0.682015300 -0.150351241 0.702707291
1786094403474872832.000000 -0.151087597 -0.007301360 0.141028643 -0.135821611 0.600494444 -0.131938398 0.776885569
1786094403741317888.000000 -0.141414970 -0.014979552 0.124900743 -0.143854558 0.539811790 -0.110822894 0.821965575
1786094404107680256.000000 -0.124849536 -0.025368091 0.102847114 -0.143179789 0.446839571 -0.063736148 0.880778968
1786094404474040320.000000 -0.107550360 -0.030031469 0.091587864 -0.144549891 0.352745026 -0.081458129 0.920891345
1786094404673873152.000000 -0.092636928 -0.033017062 0.087160602 -0.150370210 0.286490232 -0.094287962 0.941499829
1786094404873708800.000000 -0.079486005 -0.032587979 0.084848307 -0.138538212 0.235690296 -0.068966091 0.959427416
1786094405040239872.000000 -0.070957154 -0.032078765 0.084829085 -0.132698819 0.192128167 -0.056894358 0.970690906
1786094405206769664.000000 -0.065147877 -0.032301147 0.084611550 -0.132637516 0.160496861 -0.050438292 0.976782501
1786094405373299712.000000 -0.061858412 -0.032351140 0.083228022 -0.131702304 0.135914758 -0.049306903 0.980688810
1786094405506524416.000000 -0.059131134 -0.032536492 0.082222953 -0.131112769 0.150350288 -0.023493536 0.979618490
1786094405673055488.000000 -0.055752035 -0.032805201 0.081856795 -0.121037260 0.104832441 -0.027635342 0.986709952
1786094405839586304.000000 -0.054092649 -0.033166118 0.081549317 -0.119672514 0.086122304 -0.024838090 0.988759100
1786094405972811776.000000 -0.052821685 -0.033066686 0.080965772 -0.122663550 0.088858873 0.005221122 0.988448560
1786094406339181056.000000 -0.050431412 -0.032682225 0.080994084 -0.104201488 0.056511290 -0.000556879 0.992949307
1786094407371668480.000000 -0.014294326 -0.040401459 0.069156490 -0.172559738 -0.172299892 0.058018811 0.968075275
1786094407471586048.000000 -0.009610882 -0.040540554 0.068518259 -0.175598040 -0.194335565 0.058600366 0.963309407
1786094407571503360.000000 -0.004805177 -0.040452812 0.068606004 -0.176662102 -0.214580193 0.065916017 0.958332419
1786094407771339008.000000 0.002817712 -0.041016445 0.067897171 -0.178134054 -0.247923061 0.075050168 0.949299693
1786094407971451136.000000 0.008594047 -0.041512184 0.068172447 -0.182094678 -0.272182196 0.088214442 0.940731943
1786094408204928512.000000 0.015303567 -0.041265380 0.068293326 -0.185719624 -0.300852865 0.102064669 0.929827154
1786094408304994304.000000 0.018752908 -0.041626330 0.068413876 -0.187671006 -0.314183176 0.108841456 0.924241364
1786094408638566912.000000 0.027531767 -0.042284265 0.069256417 -0.191324666 -0.344904721 0.117579460 0.911378443
1786094408772003328.000000 0.030086359 -0.042318478 0.069446616 -0.192023054 -0.355396032 0.117705114 0.907174885
1786094408905212416.000000 0.033191144 -0.042440079 0.069881223 -0.192661718 -0.365973830 0.122479469 0.902188182
1786094409171628032.000000 0.040057089 -0.041401971 0.070026852 -0.185422182 -0.385546058 0.133033857 0.894021749
1786094409304835328.000000 0.043324664 -0.040742509 0.070026092 -0.181576684 -0.393692762 0.138882995 0.890363634
1786094409870961408.000000 0.045186199 -0.039827041 0.069611944 -0.173171088 -0.398357928 0.142636806 0.889369130
1786094410203977984.000000 0.049189068 -0.039102636 0.069933593 -0.170750484 -0.408096105 0.150451764 0.884118855
1786094410337184256.000000 0.051744375 -0.038271807 0.069538198 -0.165818185 -0.413530827 0.155474693 0.881659925
1786094410636895488.000000 0.053223561 -0.036998127 0.068468809 -0.157292336 -0.414259434 0.160754710 0.881933212
1786094410770099712.000000 0.052003115 -0.037094526 0.067844748 -0.157585889 -0.409593433 0.160145581 0.884168208
1786094410903307008.000000 0.047768086 -0.037563123 0.067345336 -0.158906803 -0.397471488 0.157421246 0.889934599
1786094411169719040.000000 0.032678887 -0.039101813 0.064156756 -0.153823808 -0.340453804 0.143473402 0.916430533
1786094411336225024.000000 0.021512970 -0.039578337 0.061981592 -0.150909171 -0.295198888 0.133667365 0.933925629
1786094411502731264.000000 0.010647077 -0.039425358 0.061396368 -0.147639304 -0.251117021 0.121662647 0.948863089
1786094411669235456.000000 -0.000191893 -0.038145430 0.060285158 -0.143274188 -0.205306187 0.111435175 0.961719394
1786094411835741952.000000 -0.011778003 -0.035456359 0.061279956 -0.132563397 -0.154087186 0.099972390 0.974007010
1786094412268668160.000000 -0.033709083 -0.026269192 0.065019593 -0.100738078 -0.053745542 0.047932107 0.992303312
1786094412601684480.000000 -0.038492996 -0.017645571 0.060811553 -0.076808661 -0.046574485 0.001692549 0.995956063
1786094412934702848.000000 -0.039250828 -0.010809947 0.058335070 -0.104776144 -0.080261640 -0.028133178 0.990852416
1786094413101212672.000000 -0.039438386 -0.010588930 0.057958353 -0.087700829 -0.081661724 -0.033281986 0.992236018
1786094413267721472.000000 -0.038566656 -0.010998458 0.057314109 -0.051602464 -0.099751614 0.028795851 0.993256092
1786094413900451328.000000 -0.037214912 -0.011230997 0.056722764 -0.052665852 -0.044707157 0.025557552 0.997283518
1786094414633084672.000000 -0.038112629 -0.010672576 0.056068793 -0.051331766 -0.035109412 0.020846846 0.997846603
1786094610306787072.000000 -0.037741832 -0.009944722 0.056756869 -0.050221682 -0.035862450 0.019734090 0.997898936
1786094877890195456.000000 -0.034498475 -0.010683081 0.057448797 -0.051646408 -0.041219819 0.019779611 0.997618318
1786094878189933056.000000 -0.034502570 -0.010686274 0.057466574 -0.051581081 -0.041257009 0.019459227 0.997626483
1786094881320698112.000000 -0.034419637 -0.010738118 0.057298180 -0.051583160 -0.041480780 0.020127513 0.997603834
1786095300714045952.000000 -0.035596471 -0.009704425 0.057466388 -0.049673300 -0.039545704 0.018755486 0.997806072
1786095300913882624.000000 -0.035534102 -0.009837605 0.057387751 -0.050123200 -0.039458111 0.019251000 0.997777581
1786095301080413696.000000 -0.035497200 -0.009737129 0.057465807 -0.049757499 -0.039581958 0.018278940 0.997809291
1786095301380169472.000000 -0.035162896 -0.009805755 0.057129420 -0.049711633 -0.040284265 0.019660076 0.997757256
1786095323362352128.000000 -0.034061398 -0.010266613 0.057379156 -0.050657161 -0.041739646 0.018158110 0.997678280
1786095323728725504.000000 -0.034056988 -0.010273856 0.057422880 -0.050719779 -0.041912481 0.018290192 0.997665465
1786095351972444672.000000 -0.036508411 -0.010304731 0.057325788 -0.051012296 -0.038125258 0.020132685 0.997766972
1786095352172287744.000000 -0.036407553 -0.010356411 0.057017114 -0.051071789 -0.038068712 0.019985346 0.997768998
1786095388043293952.000000 -0.034338403 -0.010184482 0.057570878 -0.050456025 -0.041602049 0.019190226 0.997674882
1786095388309737472.000000 -0.034365933 -0.010187441 0.057679452 -0.050580513 -0.041561712 0.019000305 0.997673929
1786095434005955072.000000 -0.033525683 -0.010364925 0.058075704 -0.051105071 -0.043057248 0.019236894 0.997579217
1786095434372322560.000000 -0.033534456 -0.010358540 0.058089964 -0.051195402 -0.042965356 0.019309899 0.997577190
1786095434805794560.000000 -0.033530857 -0.010360740 0.058082983 -0.051254593 -0.042685065 0.019599985 0.997580528
1786095439802364416.000000 -0.033466768 -0.010611129 0.057631351 -0.051127661 -0.042822044 0.018973991 0.997593224
1786095441434063360.000000 -0.033458050 -0.010612271 0.057611644 -0.051318038 -0.042857520 0.019277506 0.997576118
1786095456238177536.000000 -0.033809420 -0.010655420 0.057945203 -0.051685113 -0.042352889 0.019550152 0.997573435
1786095478183275008.000000 -0.033414882 -0.010686358 0.057511229 -0.051643975 -0.042952638 0.019689027 0.997547150
